1.761609 9.867174
-0.099894 9.771164
-0.084871 9.801630
-0.081702 9.807987
-0.081038 9.809315
-0.080899 9.809593
-0.080870 9.809651
-0.080864 9.809664
-0.080862 9.809666
-0.080862 9.809667
-0.080862 9.809667
-0.080862 9.809667
-0.080862 9.809667
-0.080862 9.809667
-0.080862 9.809667
-0.080862 9.809667
-0.080862 9.809667
-0.080862 9.809667
-0.080862 9.809667
-0.080862 9.809667
-0.080862 9.809667
-0.080862 9.809667
-0.080862 9.809667
-0.080862 9.809667
-0.080862 9.809667
-0.080862 9.809667
-0.080862 9.809667
-0.080862 9.809667
-0.080862 9.809667
-0.080862 9.809667
-0.080862 9.809667
-0.080862 9.809667
-0.080862 9.809667
-0.080862 9.809667
-0.080862 9.809667
-0.080862 9.809667
-0.080862 9.809667
-0.080862 9.809667
-0.080862 9.809667
-0.080862 9.809667
-0.080862 9.809667
-0.080862 9.809667
-0.080862 9.809667
-0.080862 9.809667
-0.080862 9.809667
-0.080862 9.809667
-0.080862 9.809667
-0.080862 9.809667
-0.080862 9.809667
-0.080862 9.809667
-0.080862 9.809667
-0.080862 9.809667
-0.080862 9.809667
-0.080862 9.809667
-0.080862 9.809667
-0.080862 9.809667
-0.080862 9.809667
-0.080862 9.809667
-0.080862 9.809667
-0.080862 9.809667
-0.080862 9.809667
-0.080862 9.809667
-0.080862 9.809667
-0.080862 9.809667
-0.080862 9.809667
-0.080862 9.809667
-0.080862 9.809667
-0.080862 9.809667
-0.080862 9.809667
-0.080862 9.809667
-0.080862 9.809667
-0.080862 9.809667
-0.080862 9.809667
-0.080862 9.809667
-0.080862 9.809667
-0.080862 9.809667
-0.080862 9.809667
-0.080862 9.809667
-0.080862 9.809667
-0.080862 9.809667
-0.080862 9.809667
-0.080862 9.809667
-0.080862 9.809667
-0.080862 9.809667
-0.080862 9.809667
-0.080862 9.809667
-0.080862 9.809667
-0.080862 9.809667
-0.080862 9.809667
-0.080862 9.809667
-0.080862 9.809667
-0.080862 9.809667
-0.080862 9.809667
-0.080862 9.809667
-3.585356 9.841126
-0.089348 9.769628
-0.082689 9.801919
-0.081245 9.808047
-0.080942 9.809328
-0.080879 9.809596
-0.080865 9.809652
-0.080863 9.809664
-0.080862 9.809666
-0.080862 9.809667
-0.080862 9.809667
-0.080862 9.809667
-0.080862 9.809667
-0.080862 9.809667
-0.080862 9.809667
-0.080862 9.809667
-0.080862 9.809667
-0.080862 9.809667
-0.080862 9.809667
-0.080862 9.809667
-0.080862 9.809667
-0.080862 9.809667
-0.080862 9.809667
-0.080862 9.809667
-0.080862 9.809667
-0.080862 9.809667
-0.080862 9.809667
-0.080862 9.809667
-0.080862 9.809667
-0.080862 9.809667
-0.080862 9.809667
