1.761609 9.867174
-0.099894 9.771164
-0.084871 9.801630
-0.081702 9.807987
-0.081038 9.809315
-0.080899 9.809593
-0.080870 9.809651
-0.080864 9.809664
-0.080862 9.809666
-0.080862 9.809667
-0.080862 9.809667
-0.080862 9.809667
-0.080862 9.809667
-0.080862 9.809667
-0.080862 9.809667
-0.080862 9.809667
-1.502392 9.797840
-0.099021 10.476269
0.473725 9.351440
0.046685 9.971558
1.196143 9.898310
0.722186 9.660447
1.396930 9.655014
2.403874 9.680703
1.725655 9.560677
2.769873 9.489095
2.363805 9.397593
3.473042 9.289411
3.358360 9.209491
3.571447 8.788185
3.544911 9.076175
3.536438 9.132383
3.534392 9.146273
3.533886 9.149990
3.533751 9.151031
3.533714 9.151330
3.533703 9.151416
3.533700 9.151442
3.533699 9.151449
3.533699 9.151451
3.533698 9.151452
3.533698 9.151452
3.533698 9.151452
3.533698 9.151452
3.533698 9.151452
3.533698 9.151452
3.533698 9.151452
3.533698 9.151452
3.533698 9.151452
3.533698 9.151452
3.533698 9.151452
3.533698 9.151452
3.533698 9.151452
3.533698 9.151452
3.533698 9.151452
3.533698 9.151452
3.533698 9.151452
3.334291 9.572425
3.410099 8.933299
3.440852 9.168015
3.491845 9.172420
3.545397 9.149386
3.599777 9.127640
3.655507 9.105406
3.712747 9.082255
3.771575 9.058043
3.832056 9.032688
3.894252 9.006117
3.958228 8.978255
4.024052 8.949020
4.091791 8.918328
4.161532 8.886100
4.257597 8.851064
4.311862 8.815136
4.389200 8.776844
4.469130 8.736489
4.551578 8.693904
4.636648 8.648962
4.739169 8.599630
4.822012 8.547786
4.918882 8.551886
5.167506 8.289246
5.298518 8.251019
5.413496 8.179701
5.527080 8.117196
5.658785 8.014018
5.768691 7.894662
5.876172 7.853110
5.961801 7.784836
6.048127 7.713586
6.055072 7.307796
6.211103 8.004829
6.182682 7.605025
6.232522 7.666063
6.284420 7.560449
6.457617 7.396705
6.674198 7.222950
6.704342 7.163008
6.714387 7.155706
6.531631 7.246922
6.015013 7.809996
6.197770 7.597550
6.214396 7.588003
6.209666 7.587105
6.214067 7.588572
6.211350 7.588438
6.209646 7.591151
6.209833 7.589605
6.209054 7.593580
6.206160 7.576940
6.209109 7.604143
6.206120 7.584032
6.205231 7.596293
6.204516 7.601276
6.202412 7.588923
6.204237 7.603639
6.202635 7.597040
6.203251 7.580199
6.201421 7.608495
6.202966 7.594708
6.172307 7.632513
6.002638 7.730637
6.165367 7.633198
6.159290 7.640235
6.198023 7.576557
6.147119 7.603689
6.173926 7.602041
6.268446 7.617472
6.238789 7.583495
6.212546 7.576548
6.213794 7.584311
6.213274 7.586505
6.213174 7.587152
6.207710 7.577227
6.220513 7.600341
6.209987 7.586263
6.209870 7.581218
6.209383 7.587926
6.211081 7.589119
6.210257 7.588397
6.212200 7.597979
6.207302 7.593979
6.206886 7.595623
6.205989 7.579693
6.205500 7.603015
6.204232 7.588783
6.203527 7.607503
6.204053 7.576204
6.201824 7.598875
6.202679 7.596679
6.200980 7.603379
6.204386 7.593514
6.208953 7.607373
5.954430 7.786417
6.179448 7.600926
6.129727 7.657742
6.212144 7.580691
6.169539 7.595457
6.140424 7.598298
6.249634 7.614558
6.260401 7.584811
6.203778 7.589518
6.214108 7.584967
6.213314 7.586400
