5.854238 7.590935
6.213888 7.587391
6.211894 7.584254
6.212818 7.575766
6.222329 7.594112
6.218241 7.585169
6.222220 7.584555
6.280680 7.611127
6.134566 7.630850
6.134790 7.615234
6.199460 7.591421
6.145729 7.589924
6.104038 7.700566
6.033841 7.714231
6.247900 7.606039
6.173084 7.605799
6.205314 7.584876
6.202865 7.598682
6.205089 7.579193
6.201905 7.614121
6.204384 7.593388
6.206466 7.592576
6.206419 7.592838
6.206926 7.591443
6.207612 7.593556
6.208834 7.592443
6.210125 7.591539
6.206535 7.577999
6.214767 7.593271
6.211192 7.591687
6.212721 7.591725
6.213561 7.586494
6.209650 7.586652
6.213033 7.582238
6.217033 7.592033
6.211659 7.581138
6.223790 7.588968
6.211086 7.568335
6.228404 7.597221
6.291003 7.609160
6.145372 7.626402
6.115033 7.621195
6.199765 7.597360
6.151060 7.586963
6.107291 7.694281
6.036681 7.712921
6.250936 7.605587
6.172246 7.608349
6.207576 7.583818
6.203818 7.583254
6.202562 7.597510
6.202663 7.610891
6.204306 7.592345
6.207131 7.592394
6.207529 7.586958
6.208038 7.599930
6.208479 7.591239
6.209171 7.592924
6.209596 7.590147
6.210416 7.590771
6.212359 7.592247
6.211962 7.584618
6.208133 7.580435
6.220433 7.596870
6.211753 7.583556
6.211043 7.579725
6.219325 7.594606
6.213218 7.586135
6.214357 7.574001
6.219648 7.580215
6.222405 7.577930
6.305190 7.668236
6.148464 7.583600
6.122587 7.617463
6.181023 7.601662
6.161368 7.584895
6.104726 7.719616
6.040293 7.690615
6.173590 7.583352
6.270945 7.603526
6.202134 7.593566
6.206803 7.582632
6.202764 7.609304
6.203660 7.595495
6.205984 7.593538
6.207591 7.593291
6.207525 7.591893
6.208336 7.591982
6.210632 7.593025
6.209693 7.593510
6.210114 7.590278
6.211109 7.591527
6.212106 7.589729
6.208830 7.578051
6.218637 7.599116
6.213033 7.588801
6.214095 7.585983
6.211526 7.574388
6.220796 7.595584
6.213519 7.585760
6.282878 7.663412
6.110766 7.691267
6.056307 7.732069
5.964289 7.790340
5.893973 7.843234
5.824817 7.894782
5.765019 7.963933
5.673384 7.967712
5.644033 8.015482
5.501120 8.109943
5.414245 8.168178
5.310147 8.236716
5.170738 8.320675
4.958969 8.471110
4.864837 8.521139
4.742635 8.585462
4.621637 8.650206
4.501544 8.712900
4.382352 8.773158
4.272679 8.838633
4.141840 8.882976
4.000759 8.932561
3.974527 8.967094
3.901333 9.002945
3.789481 9.095676
3.753687 9.063808
3.691118 9.091335
3.625473 9.118539
3.572075 9.142466
3.501393 9.166310
3.442476 9.188531
3.385406 9.209648
3.330025 9.229756
3.276250 9.248920
3.224016 9.267196
3.173264 9.284635
3.123938 9.301285
3.075983 9.317192
3.029350 9.332397
2.983988 9.346940
2.939851 9.360856
2.896894 9.374181
2.855073 9.386945
2.824143 9.399331
2.779732 9.410136
2.731422 9.437013
2.707493 9.393396
2.661884 9.417553
2.566447 9.449113
2.346082 9.506175
2.395577 9.469682
2.153277 9.600184
2.016035 9.609225
1.896278 9.626652
1.850141 9.830789
1.728173 9.695526
1.509392 9.023766
1.602865 10.317558
1.415021 9.764092
1.241918 9.014813
1.288128 10.399411
1.118344 9.793048
1.010654 9.007575
1.008908 10.482333
0.845347 9.800741
0.758609 9.724890
0.672552 9.835159
0.608553 9.737745
0.524126 9.640071
0.465912 9.801917
0.400524 10.037634
0.413595 8.880731
0.134930 10.670776
0.153300 9.651479
0.217718 9.032194
-0.119764 10.591473
0.003196 8.843547
-0.480755 11.402198
0.082527 9.194766
-0.079224 9.794041
-1.501966 9.794549
-0.080736 9.809042
-0.080836 9.809536
-0.080856 9.809639
-0.080861 9.809661
-0.080862 9.809666
-0.080862 9.809666
-0.080862 9.809667
-0.080862 9.809667
-0.080862 9.809667
-0.080862 9.809667
-0.080862 9.809667
-0.080862 9.809667
-0.080862 9.809667
-0.080862 9.809667
-0.080862 9.809667
-0.080862 9.809667
5.854238 7.590935
6.213888 7.587391
6.211894 7.584254
6.212818 7.575766
6.222329 7.594112
6.218241 7.585169
6.222220 7.584555
6.280680 7.611127
6.134566 7.630850
6.134790 7.615234
6.199460 7.591421
6.145729 7.589924
6.104038 7.700566
6.033841 7.714231
6.247900 7.606039
6.173084 7.605799
6.205314 7.584876
6.202865 7.598682
6.205089 7.579193
6.201905 7.614121
6.204384 7.593388
6.206466 7.592576
