-0.099894 9.771164
-0.084871 9.801630
-0.081702 9.807987
-0.081038 9.809315
-0.080899 9.809593
-0.080870 9.809651
-0.080864 9.809664
-0.080862 9.809666
-0.080862 9.809667
-0.080862 9.809667
-0.080862 9.809667
-0.080862 9.809667
-0.080862 9.809667
-0.080862 9.809667
-0.080862 9.809667
-1.502392 9.797840
-0.099021 10.476269
0.473725 9.351440
0.046685 9.971558
1.196143 9.898310
0.722186 9.660447
1.396930 9.655014
2.403874 9.680703
1.725655 9.560677
2.769873 9.489095
2.363805 9.397593
3.473042 9.289411
3.358360 9.209491
3.571447 8.788185
3.544911 9.076175
3.536438 9.132383
3.534392 9.146273
3.533886 9.149990
3.533751 9.151031
3.533714 9.151330
3.533703 9.151416
3.533700 9.151442
3.533699 9.151449
3.533699 9.151451
3.533698 9.151452
3.533698 9.151452
3.533698 9.151452
3.533698 9.151452
3.533698 9.151452
3.533698 9.151452
3.533698 9.151452
3.533698 9.151452
3.533698 9.151452
3.533698 9.151452
3.533698 9.151452
3.533698 9.151452
3.533698 9.151452
3.533698 9.151452
3.533698 9.151452
3.533698 9.151452
3.533698 9.151452
3.334291 9.572425
3.410099 8.933299
3.440852 9.168015
3.491845 9.172420
3.545397 9.149386
3.599777 9.127640
3.655507 9.105406
3.712747 9.082255
3.771575 9.058043
3.832056 9.032688
3.894252 9.006117
3.958228 8.978255
4.024052 8.949020
4.091791 8.918328
4.161532 8.886100
4.257597 8.851064
4.311862 8.815136
4.389200 8.776844
4.469130 8.736489
4.551578 8.693904
4.636648 8.648962
4.739169 8.599630
4.822012 8.547786
4.918882 8.551886
5.167506 8.289246
5.298518 8.251019
5.413496 8.179701
5.527080 8.117196
5.658785 8.014018
5.768691 7.894662
5.876172 7.853110
5.961801 7.784836
6.048127 7.713586
6.055072 7.307796
6.211103 8.004829
6.182682 7.605025
6.232522 7.666063
6.284420 7.560449
6.457617 7.396705
6.674198 7.222950
6.704342 7.163008
6.714387 7.155706
6.531631 7.246922
6.015013 7.809996
6.197770 7.597550
6.214396 7.588003
6.209666 7.587105
6.214067 7.588572
6.211350 7.588438
6.209646 7.591151
6.209833 7.589605
6.209054 7.593580
6.206160 7.576940
6.209109 7.604143
6.206120 7.584032
6.205231 7.596293
6.204516 7.601276
6.202412 7.588923
6.204237 7.603639
6.202635 7.597040
6.203251 7.580199
6.201421 7.608495
6.202966 7.594708
6.172307 7.632513
6.002638 7.730637
6.165367 7.633198
6.159290 7.640235
6.198023 7.576557
6.147119 7.603689
6.173926 7.602041
6.268446 7.617472
6.238789 7.583495
6.212546 7.576548
6.213794 7.584311
6.213274 7.586505
6.213174 7.587152
6.207710 7.577227
6.220513 7.600341
6.209987 7.586263
6.209870 7.581218
6.209383 7.587926
6.211081 7.589119
6.210257 7.588397
6.212200 7.597979
6.207302 7.593979
6.206886 7.595623
6.205989 7.579693
6.205500 7.603015
6.204232 7.588783
6.203527 7.607503
6.204053 7.576204
6.201824 7.598875
6.202679 7.596679
6.200980 7.603379
6.204386 7.593514
6.208953 7.607373
5.954430 7.786417
6.179448 7.600926
6.129727 7.657742
6.212144 7.580691
6.169539 7.595457
6.140424 7.598298
6.249634 7.614558
6.260401 7.584811
6.203778 7.589518
6.214108 7.584967
6.213314 7.586400
6.211950 7.588286
6.212418 7.587126
6.217213 7.591994
6.208043 7.577102
6.215630 7.594979
6.206078 7.578895
6.215670 7.600569
6.209730 7.589207
6.208957 7.589129
6.205802 7.578595
6.209852 7.597126
6.205476 7.595933
6.205072 7.585972
6.204069 7.602038
6.201730 7.593963
6.205267 7.594020
6.203982 7.595893
6.201654 7.596991
6.200160 7.596876
6.204116 7.591982
6.262791 7.604329
6.048836 7.666539
6.038537 7.714368
6.159761 7.663455
6.146504 7.190355
6.140715 8.047763
6.211547 7.550902
6.163777 7.608153
6.284422 7.625140
6.223087 7.570629
6.216062 7.582785
6.214524 7.585606
6.213369 7.586867
6.213415 7.586760
6.214092 7.585500
6.217343 7.591661
6.209200 7.585059
6.207858 7.580622
6.217121 7.600745
6.210715 7.588912
6.209867 7.588799
6.206460 7.578314
6.210856 7.596924
6.206119 7.597331
6.205605 7.583225
6.205422 7.602196
6.204223 7.588679
6.202239 7.595434
6.203073 7.607003
6.204003 7.578240
6.202385 7.593973
6.201058 7.610313
6.200946 7.593856
6.191539 7.620666
6.026987 7.752748
6.130513 7.616124
6.131183 7.655373
6.224795 7.573136
6.131784 7.614217
6.163866 7.588351
6.259730 7.620442
6.245398 7.596471
6.212845 7.574479
6.213590 7.583899
6.213209 7.586331
6.212826 7.586977
6.212292 7.587473
6.210263 7.590397
6.211067 7.588608
6.207609 7.578816
6.214943 7.600050
6.211397 7.591020
6.209819 7.590092
6.207808 7.591180
6.206954 7.591249
6.206618 7.591508
6.206311 7.590187
6.205827 7.588478
6.204017 7.594344
6.202154 7.601452
6.203979 7.597915
6.202573 7.594111
6.201585 7.596205
6.200699 7.597222
6.200281 7.596893
6.228114 7.593649
6.054603 7.696528
6.039369 7.712703
6.061122 7.702486
6.071812 7.753697
6.139821 7.655289
6.314342 7.486345
6.510698 7.224090
6.436911 7.328968
6.403873 7.574436
6.465086 7.367770
6.221096 7.549871
5.744422 7.906101
5.534353 8.085464
5.326180 8.203405
5.149285 8.269084
4.758778 8.801269
4.743164 8.410374
4.607336 8.630274
4.362467 8.737049
4.432284 8.842272
4.287753 9.012350
4.144815 8.673261
3.956683 8.645280
4.083516 9.051396
4.005019 9.234549
3.723714 8.538739
2.946873 9.370062
2.462198 9.416507
2.025735 9.703097
1.430329 9.572746
0.983257 9.848678
0.500137 9.621319
0.066588 9.796447
-0.175271 10.343260
0.010325 9.768780
0.000449 9.809593
-0.040041 9.897825
1.349379 9.751975
-0.066257 9.806915
-0.086145 9.797824
-0.081969 9.807191
-0.081094 9.809149
-0.080910 9.809558
-0.080872 9.809644
-0.080864 9.809662
-0.080862 9.809666
-0.080862 9.809667
-0.080862 9.809667
-0.080862 9.809667
-0.080862 9.809667
-0.080862 9.809667
-0.080862 9.809667
-0.080862 9.809667
-0.080862 9.809667
-0.080862 9.809667
-0.080862 9.809667
-0.080862 9.809667
-0.080862 9.809667
-0.080862 9.809667
-0.080862 9.809667
-0.080862 9.809667
-0.080862 9.809667
-0.080862 9.809667
-0.080862 9.809667
-0.080862 9.809667
-0.080862 9.809667
-0.080862 9.809667
-0.080862 9.809667
-0.080862 9.809667
-3.585356 9.841126
-0.089348 9.769628
-0.082689 9.801919
-0.081245 9.808047
-0.080942 9.809328
-0.080879 9.809596
-0.080865 9.809652
-0.080863 9.809664
-0.080862 9.809666
-0.080862 9.809667
-0.080862 9.809667
-0.080862 9.809667
-0.080862 9.809667
-0.080862 9.809667
-0.080862 9.809667
-0.080862 9.809667
-0.080862 9.809667
-0.080862 9.809667
-0.080862 9.809667
-0.080862 9.809667
-0.080862 9.809667
-0.080862 9.809667
-0.080862 9.809667
-0.080862 9.809667
-0.080862 9.809667
-0.080862 9.809667
-0.080862 9.809667
-0.080862 9.809667
-0.080862 9.809667
-0.080862 9.809667
-0.080862 9.809667
-0.080745 9.797938
-0.010528 9.811916
0.003635 9.818915
0.002196 9.809198
1.434295 9.816743
-0.025131 9.940702
0.332074 10.027874
1.115396 9.733215
1.915261 9.562247
2.730740 9.342620
3.575500 9.034900
4.431493 8.630835
5.264311 8.153647
6.098709 7.513367
7.001445 7.101871
6.707565 7.236690
6.602843 7.220328
6.632197 7.177069
6.724765 7.090678
6.844559 6.979429
6.914906 6.921034
7.052701 6.531422
6.826443 7.045813
6.747494 7.108301
6.581715 7.271435
6.522586 7.310908
6.388073 7.429365
6.236814 7.556352
6.106475 7.803665
6.192959 7.596303
6.192761 7.601183
6.191466 7.605011
6.203019 7.584785
6.202751 7.600563
6.199933 7.580018
6.201443 7.590294
6.206370 7.601230
6.200921 7.587108
6.203038 7.587848
6.204132 7.587887
6.203123 7.590171
6.203094 7.590824
6.206091 7.587416
6.206208 7.586943
6.208688 7.576363
6.217122 7.580829
6.220057 7.593400
6.289251 7.636525
6.128860 7.595816
6.123258 7.621003
6.152141 7.599112
6.117382 7.661634
6.255161 7.950184
6.021276 7.346738
6.041633 7.687279
6.119407 7.635121
6.247624 7.589838
6.192118 7.608499
6.197779 7.590626
6.198048 7.598332
6.197152 7.591898
6.199094 7.587644
6.200775 7.590141
6.200763 7.605605
6.200921 7.591356
6.201837 7.594001
6.200866 7.579696
6.205372 7.600872
6.204011 7.590316
6.203894 7.586665
6.204567 7.583557
6.204579 7.587317
6.204195 7.585538
6.211745 7.594534
6.206331 7.586915
6.206947 7.586816
6.205790 7.575614
6.221386 7.592661
6.210208 7.577604
6.220875 7.588641
6.226234 7.642351
6.134050 7.617125
6.137804 7.610411
6.129010 7.650836
6.191357 7.670944
6.092523 7.596107
6.048855 7.698894
6.109113 7.649148
6.246431 7.589156
6.197092 7.604047
6.198269 7.581532
6.196766 7.597032
6.197366 7.598270
6.201857 7.590858
6.199313 7.594806
6.201370 7.606269
6.200382 7.581985
6.201959 7.591057
6.202686 7.590187
6.205401 7.594369
6.203508 7.590161
6.201587 7.587425
6.206515 7.589529
6.210976 7.597996
6.203077 7.577035
6.212506 7.595157
6.213167 7.589709
6.204907 7.583553
6.202444 7.573714
6.227172 7.600503
6.213736 7.580486
6.212432 7.580680
6.240072 7.636542
6.124724 7.624459
6.145136 7.611345
6.152966 7.638428
6.145574 7.676930
6.119251 7.609962
6.056993 7.678163
6.105190 7.652063
6.243095 7.589958
6.199108 7.602602
6.198368 7.598172
6.197519 7.596720
6.200667 7.577951
6.200116 7.597726
6.200323 7.607153
6.201403 7.592177
6.202124 7.595022
6.203641 7.590331
6.203457 7.591403
6.205449 7.583008
6.200897 7.586928
6.206346 7.590603
6.210240 7.599029
6.206051 7.584828
6.207924 7.592665
6.207362 7.584266
6.206243 7.577013
6.215011 7.596130
6.207745 7.585881
6.214825 7.588103
6.212619 7.583437
6.211735 7.564838
6.257566 7.648492
6.142572 7.619171
6.116532 7.621908
6.175152 7.629895
6.166603 7.568458
6.091395 7.697710
6.061010 7.690122
6.103736 7.658773
6.248938 7.602472
6.198138 7.585824
6.201216 7.595023
6.200653 7.580957
6.198247 7.599752
6.199848 7.609754
6.202099 7.592286
6.202338 7.592829
6.203208 7.592501
6.204079 7.591895
6.205367 7.584201
6.201612 7.588560
6.209133 7.601188
6.207171 7.589965
6.207975 7.588021
6.203670 7.577343
6.215999 7.597229
6.206602 7.584895
6.214528 7.589942
6.206949 7.583711
6.209762 7.585233
6.206588 7.580910
6.218669 7.591840
6.210396 7.578088
6.265399 7.711362
6.142320 7.635675
6.061013 7.714521
5.990665 7.796315
5.979515 7.762052
5.983148 7.751583
5.922952 7.809257
5.832864 7.878771
5.722026 7.968195
5.554142 8.071195
5.359000 8.215843
5.136308 8.361049
4.855826 8.498090
4.820817 8.532264
4.744474 8.576087
4.656672 8.628451
4.570344 8.676443
4.417421 8.774528
4.395515 8.781861
4.315813 8.813737
4.237551 8.850149
4.161554 8.885880
4.087896 8.919983
4.016510 8.952366
3.947311 8.983101
3.880211 9.012287
3.821739 9.039737
3.759204 9.064661
3.694747 9.089639
3.636947 9.112869
3.580758 9.135067
3.526094 9.156278
3.472899 9.176558
3.421120 9.195955
3.370705 9.214518
3.321609 9.232292
3.273785 9.249320
3.227189 9.265641
3.181779 9.281292
3.137515 9.296307
3.094358 9.310719
3.059376 9.328257
3.014728 9.304804
2.932331 9.341402
2.813480 9.378265
2.735535 9.390251
2.565246 9.931236
3.038894 9.125498
3.047133 9.248572
3.037861 9.307339
3.035515 9.322793
3.034884 9.327091
3.034705 9.328324
3.034654 9.328683
3.034639 9.328788
3.034634 9.328819
3.034633 9.328828
3.034633 9.328830
3.034633 9.328831
3.034633 9.328831
3.034633 9.328831
3.034633 9.328831
3.034633 9.328831
3.034633 9.328831
3.034633 9.328831
3.034634 9.328831
3.034634 9.328831
3.034634 9.328831
3.034634 9.328831
3.034634 9.328831
3.034634 9.328831
3.034635 9.328831
3.034635 9.328831
2.901233 8.953368
1.189529 9.840589
2.079267 9.556864
1.744560 9.636348
1.409527 9.697238
1.063938 9.749901
0.710889 9.764002
0.358188 9.795388
0.004415 9.803616
-0.272895 10.287516
-0.081225 9.807785
-0.080728 9.809501
-0.080834 9.809632
-0.080856 9.809659
-0.080861 9.809665
-0.080862 9.809666
-0.080862 9.809667
-0.080862 9.809667
-0.080862 9.809667
-0.080862 9.809667
-0.080862 9.809667
-0.080862 9.809667
-0.080862 9.809667
-0.080862 9.809667
-0.080862 9.809667
-0.080862 9.809667
-0.080862 9.809667
-0.080862 9.809667
-0.080862 9.809667
-0.080862 9.809667
-0.080862 9.809667
-0.080862 9.809667
-0.080862 9.809667
-0.080862 9.809667
3.473063 9.838911
-0.081221 9.809527
-0.080937 9.809637
-0.080878 9.809661
-0.080865 9.809665
-0.080863 9.809666
-0.080862 9.809667
-0.080862 9.809667
-0.080862 9.809667
-0.080862 9.809667
-0.080862 9.809667
-0.080862 9.809667
-0.080862 9.809667
-0.080862 9.809667
-0.080862 9.809667
-0.080862 9.809667
-0.080862 9.809667
-0.080862 9.809667
-0.080862 9.809667
-0.080862 9.809667
-0.080862 9.809667
-0.080862 9.809667
-0.080862 9.809667
-0.080862 9.809667
